n_bytes: 4
24 4 19
0 0 0 0 0 0 0 0 0 0 0 0 0 0 0 0 0 0 0 0 0 0 0 0 
0 0 0 0 0 0 0 0 0 0 0 0 0 0 0 0 0 0 0 0 0 0 0 0 
0 0 0 0 0 0 0 0 0 0 0 0 0 0 0 0 0 0 0 0 0 0 0 0 
0 0 0 0 0 0 0 0 0 0 0 0 0 0 0 0 0 0 0 0 0 0 0 0 
0 0 0 0 1606963 2033639 2495858 1024962 4928373 4729477 9223110 5483452 3236104 5602350 4852268 3957371 0 0 0 0 6302269 4544741 2923657 8047187 
0 0 0 0 5721235 2074294 3110057 3925692 7038182 6640446 12332556 6974753 4462356 6909431 6308073 4614162 0 0 0 0 8579179 5095136 3522096 9551524 
0 0 0 0 3862434 2402835 3529382 2650432 4802658 3940782 8302858 5168275 2581788 4730261 4815743 3343932 0 0 0 0 6176237 3528110 2362712 6909002 
0 0 0 0 4382308 2431695 3107563 2840494 2797975 3138386 4914220 2490109 2132204 2497980 2044695 1892059 0 0 0 0 3480456 1794658 1229677 3125183 
0 0 0 0 7156480 3489371 3769195 4169636 0 0 0 0 5638143 7118456 5261449 7576196 0 0 0 0 0 0 0 0 
0 0 0 0 3508459 2407060 2445382 1388488 0 0 0 0 6970388 8187642 5120753 7002708 0 0 0 0 0 0 0 0 
0 0 0 0 6644569 3012559 3895157 3706269 0 0 0 0 4801185 6385428 4830535 7251529 0 0 0 0 0 0 0 0 
0 0 0 0 3482920 1629108 1837887 1871940 0 0 0 0 2855267 3785137 2246421 3381873 0 0 0 0 0 0 0 0 
0 0 0 0 0 0 0 0 4069560 4095963 7076129 3791507 2763564 3806910 3348763 2561817 0 0 0 0 4894689 2730536 1924402 5050585 
0 0 0 0 0 0 0 0 3789310 3295996 7387796 5168554 2202712 4562120 4424742 4268834 0 0 0 0 5995720 4060576 2243066 7043642 
0 0 0 0 0 0 0 0 6412393 5735527 11067558 6540101 3794668 6085983 5948441 4358399 0 0 0 0 8151014 4457305 3020863 8564173 
0 0 0 0 0 0 0 0 4105822 4146080 7471031 3721094 2903672 4650926 3531008 2021773 0 0 0 0 3959258 3450873 2616654 6303061 
4148255 3107492 3713335 4440355 5144437 2653333 2228300 3500673 5007794 6998337 8200882 8958450 4643037 4200077 2347594 3229907 4008279 4227561 2115174 1757582 457494 4444381 2144326 4358488 
1879760 1956152 4903991 3496353 2828967 2181066 2606521 4095047 6286220 8886378 9554371 11506455 8410934 8325628 4760965 6651595 5138875 1461957 2375624 1571821 821567 9435083 5370975 7408626 
5811340 6102636 5988925 9050050 7485586 5492609 3066035 4911979 6949571 10510801 9481390 10862095 3217461 3201729 1893579 2799414 7838937 6304488 3179927 2939621 322741 3492838 2232161 2577692 
2441233 3890078 2103588 4532331 3838500 1635221 1133991 3364592 5906455 8392183 6405667 6755980 4567786 4978331 2897612 3986954 4462782 3154296 1973476 1547559 512719 6478954 3967581 4096998 
4803890 3425370 4596634 5639472 5621289 4036433 2536718 3125670 4022868 6073283 5389328 6193585 0 0 0 0 4535180 4773147 2058461 1972442 0 0 0 0 
6204173 5493050 5887200 7488722 8084141 4030256 3463827 6103282 5595725 9105181 8191927 8092670 0 0 0 0 7185794 6525597 3638971 2918145 0 0 0 0 
4386756 5204380 5553733 8206563 5720607 5255276 2618507 3903621 4532996 7723841 6179938 7613215 0 0 0 0 7272981 4737717 2625462 2508647 0 0 0 0 
3071184 4345392 4103888 6895730 4084946 4431854 1744000 2589492 3405768 5914118 4454960 5854916 0 0 0 0 5884808 3488802 1852646 1922068 0 0 0 0 
